51 8 4
51 8 4
51 8 4
51 8 4
51 8 4
51 8 4
51 8 4
51 8 4
52 8 7
52 8 7
52 8 4
52 8 5
391 26 15
3166 19 14
51 8 5
51 8 5
51 8 5
51 8 5
51 8 5
51 8 5
51 8 5
51 8 4
51 8 4
51 8 4
51 8 4
51 8 4
51 8 4
51 8 4
51 8 4
51 8 4
51 8 5
51 8 5
51 8 4
51 8 4
51 8 5
51 8 5
51 8 5
51 8 4
51 8 4
51 8 5
51 8 5
430 27 20
3032 17 15
3032 17 15
372 57 39
372 57 39
372 57 39
1002 62 29
2040 91 68
17054 104 83
430 27 16
3032 17 13
639 57 30
599 50 40
51 8 4
51 8 4
51 8 5
599 50 37
639 57 35
372 57 40
430 27 17
3032 17 15
17054 104 76
1002 62 36
2040 91 57
